{
 "cells": [
  {
   "cell_type": "code",
   "execution_count": 1,
   "metadata": {},
   "outputs": [],
   "source": [
    "import pandas as pd\n",
    "import os"
   ]
  },
  {
   "cell_type": "markdown",
   "metadata": {},
   "source": [
    "This notebook crates a version of the correlation matrix whose columns appear in the same order as the rows of loading matrix created for grouping metrics together."
   ]
  },
  {
   "cell_type": "code",
   "execution_count": 3,
   "metadata": {},
   "outputs": [],
   "source": [
    "# Load the metric scores\n",
    "churn_data = pd.read_csv('../../output/socialnet_dataset_scores.csv', index_col=[0,1])\n",
    "\n",
    "# Load the loading matrix\n",
    "load_mat_df = pd.read_csv('../../output/socialnet_dataset_scores_load_mat.csv', index_col=0)\n",
    "\n",
    "# Reorder the dataset columns to the order of the loading matrix rows\n",
    "churn_data = churn_data[load_mat_df.index.values]\n",
    "\n",
    "# Calculate the matrix of Pearson correlation coefficients\n",
    "corr = churn_data.corr()"
   ]
  },
  {
   "cell_type": "code",
   "execution_count": 4,
   "metadata": {},
   "outputs": [
    {
     "data": {
      "text/html": [
       "<div>\n",
       "<style scoped>\n",
       "    .dataframe tbody tr th:only-of-type {\n",
       "        vertical-align: middle;\n",
       "    }\n",
       "\n",
       "    .dataframe tbody tr th {\n",
       "        vertical-align: top;\n",
       "    }\n",
       "\n",
       "    .dataframe thead th {\n",
       "        text-align: right;\n",
       "    }\n",
       "</style>\n",
       "<table border=\"1\" class=\"dataframe\">\n",
       "  <thead>\n",
       "    <tr style=\"text-align: right;\">\n",
       "      <th></th>\n",
       "      <th>adview_per_month</th>\n",
       "      <th>like_per_month</th>\n",
       "      <th>newfriend_per_month</th>\n",
       "      <th>post_per_month</th>\n",
       "      <th>message_per_month</th>\n",
       "      <th>reply_per_month</th>\n",
       "      <th>account_tenure</th>\n",
       "      <th>dislike_per_month</th>\n",
       "      <th>unfriend_per_month</th>\n",
       "    </tr>\n",
       "  </thead>\n",
       "  <tbody>\n",
       "    <tr>\n",
       "      <th>adview_per_month</th>\n",
       "      <td>1.000000</td>\n",
       "      <td>0.662707</td>\n",
       "      <td>0.515580</td>\n",
       "      <td>0.654562</td>\n",
       "      <td>0.121013</td>\n",
       "      <td>0.075102</td>\n",
       "      <td>-0.001944</td>\n",
       "      <td>0.439185</td>\n",
       "      <td>-0.002019</td>\n",
       "    </tr>\n",
       "    <tr>\n",
       "      <th>like_per_month</th>\n",
       "      <td>0.662707</td>\n",
       "      <td>1.000000</td>\n",
       "      <td>0.533495</td>\n",
       "      <td>0.661859</td>\n",
       "      <td>0.116292</td>\n",
       "      <td>0.073419</td>\n",
       "      <td>-0.069261</td>\n",
       "      <td>0.446060</td>\n",
       "      <td>-0.004666</td>\n",
       "    </tr>\n",
       "    <tr>\n",
       "      <th>newfriend_per_month</th>\n",
       "      <td>0.515580</td>\n",
       "      <td>0.533495</td>\n",
       "      <td>1.000000</td>\n",
       "      <td>0.527339</td>\n",
       "      <td>0.074961</td>\n",
       "      <td>0.030551</td>\n",
       "      <td>-0.042240</td>\n",
       "      <td>0.348197</td>\n",
       "      <td>0.002457</td>\n",
       "    </tr>\n",
       "    <tr>\n",
       "      <th>post_per_month</th>\n",
       "      <td>0.654562</td>\n",
       "      <td>0.661859</td>\n",
       "      <td>0.527339</td>\n",
       "      <td>1.000000</td>\n",
       "      <td>0.100823</td>\n",
       "      <td>0.053721</td>\n",
       "      <td>-0.064721</td>\n",
       "      <td>0.426074</td>\n",
       "      <td>0.008734</td>\n",
       "    </tr>\n",
       "    <tr>\n",
       "      <th>message_per_month</th>\n",
       "      <td>0.121013</td>\n",
       "      <td>0.116292</td>\n",
       "      <td>0.074961</td>\n",
       "      <td>0.100823</td>\n",
       "      <td>1.000000</td>\n",
       "      <td>0.877749</td>\n",
       "      <td>-0.113097</td>\n",
       "      <td>0.149598</td>\n",
       "      <td>-0.003390</td>\n",
       "    </tr>\n",
       "    <tr>\n",
       "      <th>reply_per_month</th>\n",
       "      <td>0.075102</td>\n",
       "      <td>0.073419</td>\n",
       "      <td>0.030551</td>\n",
       "      <td>0.053721</td>\n",
       "      <td>0.877749</td>\n",
       "      <td>1.000000</td>\n",
       "      <td>-0.106064</td>\n",
       "      <td>0.119676</td>\n",
       "      <td>-0.013014</td>\n",
       "    </tr>\n",
       "    <tr>\n",
       "      <th>account_tenure</th>\n",
       "      <td>-0.001944</td>\n",
       "      <td>-0.069261</td>\n",
       "      <td>-0.042240</td>\n",
       "      <td>-0.064721</td>\n",
       "      <td>-0.113097</td>\n",
       "      <td>-0.106064</td>\n",
       "      <td>1.000000</td>\n",
       "      <td>0.048364</td>\n",
       "      <td>0.104819</td>\n",
       "    </tr>\n",
       "    <tr>\n",
       "      <th>dislike_per_month</th>\n",
       "      <td>0.439185</td>\n",
       "      <td>0.446060</td>\n",
       "      <td>0.348197</td>\n",
       "      <td>0.426074</td>\n",
       "      <td>0.149598</td>\n",
       "      <td>0.119676</td>\n",
       "      <td>0.048364</td>\n",
       "      <td>1.000000</td>\n",
       "      <td>0.005424</td>\n",
       "    </tr>\n",
       "    <tr>\n",
       "      <th>unfriend_per_month</th>\n",
       "      <td>-0.002019</td>\n",
       "      <td>-0.004666</td>\n",
       "      <td>0.002457</td>\n",
       "      <td>0.008734</td>\n",
       "      <td>-0.003390</td>\n",
       "      <td>-0.013014</td>\n",
       "      <td>0.104819</td>\n",
       "      <td>0.005424</td>\n",
       "      <td>1.000000</td>\n",
       "    </tr>\n",
       "  </tbody>\n",
       "</table>\n",
       "</div>"
      ],
      "text/plain": [
       "                     adview_per_month  like_per_month  newfriend_per_month  \\\n",
       "adview_per_month             1.000000        0.662707             0.515580   \n",
       "like_per_month               0.662707        1.000000             0.533495   \n",
       "newfriend_per_month          0.515580        0.533495             1.000000   \n",
       "post_per_month               0.654562        0.661859             0.527339   \n",
       "message_per_month            0.121013        0.116292             0.074961   \n",
       "reply_per_month              0.075102        0.073419             0.030551   \n",
       "account_tenure              -0.001944       -0.069261            -0.042240   \n",
       "dislike_per_month            0.439185        0.446060             0.348197   \n",
       "unfriend_per_month          -0.002019       -0.004666             0.002457   \n",
       "\n",
       "                     post_per_month  message_per_month  reply_per_month  \\\n",
       "adview_per_month           0.654562           0.121013         0.075102   \n",
       "like_per_month             0.661859           0.116292         0.073419   \n",
       "newfriend_per_month        0.527339           0.074961         0.030551   \n",
       "post_per_month             1.000000           0.100823         0.053721   \n",
       "message_per_month          0.100823           1.000000         0.877749   \n",
       "reply_per_month            0.053721           0.877749         1.000000   \n",
       "account_tenure            -0.064721          -0.113097        -0.106064   \n",
       "dislike_per_month          0.426074           0.149598         0.119676   \n",
       "unfriend_per_month         0.008734          -0.003390        -0.013014   \n",
       "\n",
       "                     account_tenure  dislike_per_month  unfriend_per_month  \n",
       "adview_per_month          -0.001944           0.439185           -0.002019  \n",
       "like_per_month            -0.069261           0.446060           -0.004666  \n",
       "newfriend_per_month       -0.042240           0.348197            0.002457  \n",
       "post_per_month            -0.064721           0.426074            0.008734  \n",
       "message_per_month         -0.113097           0.149598           -0.003390  \n",
       "reply_per_month           -0.106064           0.119676           -0.013014  \n",
       "account_tenure             1.000000           0.048364            0.104819  \n",
       "dislike_per_month          0.048364           1.000000            0.005424  \n",
       "unfriend_per_month         0.104819           0.005424            1.000000  "
      ]
     },
     "execution_count": 4,
     "metadata": {},
     "output_type": "execute_result"
    }
   ],
   "source": [
    "corr"
   ]
  },
  {
   "cell_type": "code",
   "execution_count": null,
   "metadata": {},
   "outputs": [],
   "source": [
    "# Save the result to disk\n",
    "corr.to_csv['../../output/socialnet_dataset_ordered_correlation_matrix.csv']"
   ]
  }
 ],
 "metadata": {
  "kernelspec": {
   "display_name": "churn",
   "language": "python",
   "name": "python3"
  },
  "language_info": {
   "codemirror_mode": {
    "name": "ipython",
    "version": 3
   },
   "file_extension": ".py",
   "mimetype": "text/x-python",
   "name": "python",
   "nbconvert_exporter": "python",
   "pygments_lexer": "ipython3",
   "version": "3.9.16"
  },
  "orig_nbformat": 4
 },
 "nbformat": 4,
 "nbformat_minor": 2
}
